{
 "cells": [
  {
   "cell_type": "code",
   "execution_count": 12,
   "id": "1cdf20e2",
   "metadata": {},
   "outputs": [],
   "source": [
    "import pandas as pd\n",
    "import numpy as np\n",
    "import difflib\n",
    "from sklearn.feature_extraction.text import TfidfVectorizer\n",
    "from sklearn.metrics.pairwise import cosine_similarity"
   ]
  },
  {
   "cell_type": "code",
   "execution_count": 13,
   "id": "49b618f0",
   "metadata": {},
   "outputs": [],
   "source": [
    "data = pd.read_csv('REC_DATA.csv' , encoding='ISO-8859-1')\n",
    "\n",
    "\n"
   ]
  },
  {
   "cell_type": "code",
   "execution_count": 14,
   "id": "318ec539",
   "metadata": {},
   "outputs": [
    {
     "data": {
      "text/html": [
       "<div>\n",
       "<style scoped>\n",
       "    .dataframe tbody tr th:only-of-type {\n",
       "        vertical-align: middle;\n",
       "    }\n",
       "\n",
       "    .dataframe tbody tr th {\n",
       "        vertical-align: top;\n",
       "    }\n",
       "\n",
       "    .dataframe thead th {\n",
       "        text-align: right;\n",
       "    }\n",
       "</style>\n",
       "<table border=\"1\" class=\"dataframe\">\n",
       "  <thead>\n",
       "    <tr style=\"text-align: right;\">\n",
       "      <th></th>\n",
       "      <th>id</th>\n",
       "      <th>name</th>\n",
       "      <th>email</th>\n",
       "      <th>password</th>\n",
       "      <th>bio</th>\n",
       "      <th>skilles</th>\n",
       "      <th>room</th>\n",
       "      <th>pavillon</th>\n",
       "      <th>roommate</th>\n",
       "      <th>niveau</th>\n",
       "      <th>filiere</th>\n",
       "      <th>avatar</th>\n",
       "      <th>gender</th>\n",
       "    </tr>\n",
       "  </thead>\n",
       "  <tbody>\n",
       "    <tr>\n",
       "      <th>0</th>\n",
       "      <td>0</td>\n",
       "      <td>Jory Carlick</td>\n",
       "      <td>jcarlick0@dyndns.org</td>\n",
       "      <td>sjhbcjbsdj</td>\n",
       "      <td>I am an aspiring data scientist who enjoys con...</td>\n",
       "      <td>Communication skills , Python , Java , C++</td>\n",
       "      <td>121</td>\n",
       "      <td>2</td>\n",
       "      <td>False</td>\n",
       "      <td>ine2</td>\n",
       "      <td>aseds</td>\n",
       "      <td>https://robohash.org/estutrerum.png?size=50x50...</td>\n",
       "      <td>Male</td>\n",
       "    </tr>\n",
       "    <tr>\n",
       "      <th>1</th>\n",
       "      <td>1</td>\n",
       "      <td>Kendrick Trickey</td>\n",
       "      <td>ktrickey1@google.co.uk</td>\n",
       "      <td>dcbjdcj</td>\n",
       "      <td>I am a full-stack software engineer and writer...</td>\n",
       "      <td>Humanitarian Assistance , visualization , Data...</td>\n",
       "      <td>123</td>\n",
       "      <td>1</td>\n",
       "      <td>True</td>\n",
       "      <td>ine3</td>\n",
       "      <td>cloud</td>\n",
       "      <td>https://robohash.org/omnisnihilipsa.png?size=5...</td>\n",
       "      <td>Male</td>\n",
       "    </tr>\n",
       "    <tr>\n",
       "      <th>2</th>\n",
       "      <td>2</td>\n",
       "      <td>Amye Gott</td>\n",
       "      <td>agott2@scribd.com</td>\n",
       "      <td>cdbbb</td>\n",
       "      <td>I am a third year Machine Learning . Apart fro...</td>\n",
       "      <td>Artificial Intelligence , Machine Learning , D...</td>\n",
       "      <td>12</td>\n",
       "      <td>2</td>\n",
       "      <td>False</td>\n",
       "      <td>ine2</td>\n",
       "      <td>smart</td>\n",
       "      <td>https://robohash.org/doloremevenietconsequatur...</td>\n",
       "      <td>Female</td>\n",
       "    </tr>\n",
       "    <tr>\n",
       "      <th>3</th>\n",
       "      <td>3</td>\n",
       "      <td>Tiffanie Tomasi</td>\n",
       "      <td>ttomasi3@dell.com</td>\n",
       "      <td>bdcbj</td>\n",
       "      <td>I am a student pursuing a degree in Cybersecur...</td>\n",
       "      <td>SQL, NoSQL, HTML, CSS, JavaScript</td>\n",
       "      <td>123</td>\n",
       "      <td>3</td>\n",
       "      <td>True</td>\n",
       "      <td>ine1</td>\n",
       "      <td>iccn</td>\n",
       "      <td>https://robohash.org/cumquemaioresaperiam.png?...</td>\n",
       "      <td>Female</td>\n",
       "    </tr>\n",
       "    <tr>\n",
       "      <th>4</th>\n",
       "      <td>4</td>\n",
       "      <td>Morley Buterton</td>\n",
       "      <td>mbuterton4@hatena.ne.jp</td>\n",
       "      <td>dcbjbdjc</td>\n",
       "      <td>hi, i'm  a passionate self-taught full stack w...</td>\n",
       "      <td>Historical Research , java , Emotional intelli...</td>\n",
       "      <td>132</td>\n",
       "      <td>1</td>\n",
       "      <td>False</td>\n",
       "      <td>ine2</td>\n",
       "      <td>amoa</td>\n",
       "      <td>https://robohash.org/placeatharumdolor.png?siz...</td>\n",
       "      <td>Male</td>\n",
       "    </tr>\n",
       "    <tr>\n",
       "      <th>5</th>\n",
       "      <td>5</td>\n",
       "      <td>Davis Common</td>\n",
       "      <td>dcommon5@squarespace.com</td>\n",
       "      <td>cdbdj</td>\n",
       "      <td>a strong passion for software engineering and...</td>\n",
       "      <td>Emotional intelligence , java , c++ ,Windows, ...</td>\n",
       "      <td>34</td>\n",
       "      <td>2</td>\n",
       "      <td>False</td>\n",
       "      <td>ine2</td>\n",
       "      <td>iccn</td>\n",
       "      <td>https://robohash.org/seditaqueculpa.png?size=5...</td>\n",
       "      <td>Male</td>\n",
       "    </tr>\n",
       "    <tr>\n",
       "      <th>6</th>\n",
       "      <td>6</td>\n",
       "      <td>Ash Kennaird</td>\n",
       "      <td>akennaird6@prweb.com</td>\n",
       "      <td>dcjcjd j</td>\n",
       "      <td>Throughout my academic career, I have gained h...</td>\n",
       "      <td>Adaptability , speaking , html , css , Data an...</td>\n",
       "      <td>13</td>\n",
       "      <td>3</td>\n",
       "      <td>True</td>\n",
       "      <td>ine2</td>\n",
       "      <td>data</td>\n",
       "      <td>https://robohash.org/culpautaut.png?size=50x50...</td>\n",
       "      <td>Male</td>\n",
       "    </tr>\n",
       "    <tr>\n",
       "      <th>7</th>\n",
       "      <td>7</td>\n",
       "      <td>Fonsie Lutton</td>\n",
       "      <td>flutton7@howstuffworks.com</td>\n",
       "      <td>cbdjbj</td>\n",
       "      <td>i enjoy exploring new technologies and working...</td>\n",
       "      <td>Communication , python , c# , java , react , M...</td>\n",
       "      <td>32</td>\n",
       "      <td>3</td>\n",
       "      <td>False</td>\n",
       "      <td>ine2</td>\n",
       "      <td>aseds</td>\n",
       "      <td>https://robohash.org/estquisipsam.png?size=50x...</td>\n",
       "      <td>Male</td>\n",
       "    </tr>\n",
       "    <tr>\n",
       "      <th>8</th>\n",
       "      <td>8</td>\n",
       "      <td>Rosalinde Pesic</td>\n",
       "      <td>rpesic8@list-manage.com</td>\n",
       "      <td>cdjcj</td>\n",
       "      <td>Throughout my academic career, I have gained h...</td>\n",
       "      <td>,data science, management machine learning , d...</td>\n",
       "      <td>21</td>\n",
       "      <td>3</td>\n",
       "      <td>True</td>\n",
       "      <td>ine3</td>\n",
       "      <td>cloud</td>\n",
       "      <td>https://robohash.org/quasillumconsequuntur.png...</td>\n",
       "      <td>Female</td>\n",
       "    </tr>\n",
       "    <tr>\n",
       "      <th>9</th>\n",
       "      <td>9</td>\n",
       "      <td>Felipe Bullick</td>\n",
       "      <td>fbullick9@mapy.cz</td>\n",
       "      <td>c d d vj j</td>\n",
       "      <td>my passion for software engineering has led me...</td>\n",
       "      <td>Web Applications , mobile developpement , mach...</td>\n",
       "      <td>34</td>\n",
       "      <td>3</td>\n",
       "      <td>True</td>\n",
       "      <td>ine2</td>\n",
       "      <td>sesnum</td>\n",
       "      <td>https://robohash.org/quisquia.png?size=50x50&amp;s...</td>\n",
       "      <td>Male</td>\n",
       "    </tr>\n",
       "    <tr>\n",
       "      <th>10</th>\n",
       "      <td>10</td>\n",
       "      <td>Lottie Dimsdale</td>\n",
       "      <td>ldimsdalea@businesswire.com</td>\n",
       "      <td>cd d vcj</td>\n",
       "      <td>i am also an active member of the university's...</td>\n",
       "      <td>speaking , html , css , javascript , machine l...</td>\n",
       "      <td>45</td>\n",
       "      <td>2</td>\n",
       "      <td>False</td>\n",
       "      <td>ine2</td>\n",
       "      <td>data</td>\n",
       "      <td>https://robohash.org/fugiateaquedolor.png?size...</td>\n",
       "      <td>Female</td>\n",
       "    </tr>\n",
       "    <tr>\n",
       "      <th>11</th>\n",
       "      <td>11</td>\n",
       "      <td>Selig Tort</td>\n",
       "      <td>stortb@infoseek.co.jp</td>\n",
       "      <td>cdj cj</td>\n",
       "      <td>I m determined to become a leading software en...</td>\n",
       "      <td>Strategic planning, Time management , java , h...</td>\n",
       "      <td>87</td>\n",
       "      <td>1</td>\n",
       "      <td>False</td>\n",
       "      <td>ine2</td>\n",
       "      <td>iccn</td>\n",
       "      <td>https://robohash.org/dolormollitiaplaceat.png?...</td>\n",
       "      <td>Male</td>\n",
       "    </tr>\n",
       "    <tr>\n",
       "      <th>12</th>\n",
       "      <td>12</td>\n",
       "      <td>Cole Finan</td>\n",
       "      <td>cfinanc@cornell.edu</td>\n",
       "      <td>cd jd j</td>\n",
       "      <td>I have always been fascinated by the power of ...</td>\n",
       "      <td>routing and switching, firewalls, java , devop...</td>\n",
       "      <td>14</td>\n",
       "      <td>2</td>\n",
       "      <td>True</td>\n",
       "      <td>ine1</td>\n",
       "      <td>amoa</td>\n",
       "      <td>https://robohash.org/sitnisiasperiores.png?siz...</td>\n",
       "      <td>Male</td>\n",
       "    </tr>\n",
       "    <tr>\n",
       "      <th>13</th>\n",
       "      <td>13</td>\n",
       "      <td>Hamilton Petow</td>\n",
       "      <td>hpetowd@ycombinator.com</td>\n",
       "      <td>c dcdn</td>\n",
       "      <td>I am a student pursuing a degree in Telecommun...</td>\n",
       "      <td>photoshop , figma , mac , css</td>\n",
       "      <td>4</td>\n",
       "      <td>3</td>\n",
       "      <td>True</td>\n",
       "      <td>ine2</td>\n",
       "      <td>aseds</td>\n",
       "      <td>https://robohash.org/itaquedolorblanditiis.png...</td>\n",
       "      <td>Male</td>\n",
       "    </tr>\n",
       "    <tr>\n",
       "      <th>14</th>\n",
       "      <td>14</td>\n",
       "      <td>Dallas Emblen</td>\n",
       "      <td>demblene@ebay.co.uk</td>\n",
       "      <td>c jd jc</td>\n",
       "      <td>I have developed strong problem-solving and an...</td>\n",
       "      <td>Mentorship , coaching , react , java , c++</td>\n",
       "      <td>67</td>\n",
       "      <td>1</td>\n",
       "      <td>False</td>\n",
       "      <td>ine1</td>\n",
       "      <td>data</td>\n",
       "      <td>https://robohash.org/iustoveritatisvoluptates....</td>\n",
       "      <td>Male</td>\n",
       "    </tr>\n",
       "  </tbody>\n",
       "</table>\n",
       "</div>"
      ],
      "text/plain": [
       "    id              name                        email    password  \\\n",
       "0    0      Jory Carlick         jcarlick0@dyndns.org  sjhbcjbsdj   \n",
       "1    1  Kendrick Trickey       ktrickey1@google.co.uk     dcbjdcj   \n",
       "2    2         Amye Gott            agott2@scribd.com       cdbbb   \n",
       "3    3   Tiffanie Tomasi            ttomasi3@dell.com       bdcbj   \n",
       "4    4   Morley Buterton      mbuterton4@hatena.ne.jp    dcbjbdjc   \n",
       "5    5      Davis Common     dcommon5@squarespace.com       cdbdj   \n",
       "6    6      Ash Kennaird         akennaird6@prweb.com    dcjcjd j   \n",
       "7    7     Fonsie Lutton   flutton7@howstuffworks.com      cbdjbj   \n",
       "8    8   Rosalinde Pesic      rpesic8@list-manage.com       cdjcj   \n",
       "9    9    Felipe Bullick            fbullick9@mapy.cz  c d d vj j   \n",
       "10  10   Lottie Dimsdale  ldimsdalea@businesswire.com    cd d vcj   \n",
       "11  11        Selig Tort        stortb@infoseek.co.jp      cdj cj   \n",
       "12  12        Cole Finan          cfinanc@cornell.edu     cd jd j   \n",
       "13  13    Hamilton Petow      hpetowd@ycombinator.com      c dcdn   \n",
       "14  14     Dallas Emblen          demblene@ebay.co.uk     c jd jc   \n",
       "\n",
       "                                                  bio  \\\n",
       "0   I am an aspiring data scientist who enjoys con...   \n",
       "1   I am a full-stack software engineer and writer...   \n",
       "2   I am a third year Machine Learning . Apart fro...   \n",
       "3   I am a student pursuing a degree in Cybersecur...   \n",
       "4   hi, i'm  a passionate self-taught full stack w...   \n",
       "5    a strong passion for software engineering and...   \n",
       "6   Throughout my academic career, I have gained h...   \n",
       "7   i enjoy exploring new technologies and working...   \n",
       "8   Throughout my academic career, I have gained h...   \n",
       "9   my passion for software engineering has led me...   \n",
       "10  i am also an active member of the university's...   \n",
       "11  I m determined to become a leading software en...   \n",
       "12  I have always been fascinated by the power of ...   \n",
       "13  I am a student pursuing a degree in Telecommun...   \n",
       "14  I have developed strong problem-solving and an...   \n",
       "\n",
       "                                              skilles  room  pavillon  \\\n",
       "0          Communication skills , Python , Java , C++   121         2   \n",
       "1   Humanitarian Assistance , visualization , Data...   123         1   \n",
       "2   Artificial Intelligence , Machine Learning , D...    12         2   \n",
       "3                   SQL, NoSQL, HTML, CSS, JavaScript   123         3   \n",
       "4   Historical Research , java , Emotional intelli...   132         1   \n",
       "5   Emotional intelligence , java , c++ ,Windows, ...    34         2   \n",
       "6   Adaptability , speaking , html , css , Data an...    13         3   \n",
       "7   Communication , python , c# , java , react , M...    32         3   \n",
       "8   ,data science, management machine learning , d...    21         3   \n",
       "9   Web Applications , mobile developpement , mach...    34         3   \n",
       "10  speaking , html , css , javascript , machine l...    45         2   \n",
       "11  Strategic planning, Time management , java , h...    87         1   \n",
       "12  routing and switching, firewalls, java , devop...    14         2   \n",
       "13                      photoshop , figma , mac , css     4         3   \n",
       "14         Mentorship , coaching , react , java , c++    67         1   \n",
       "\n",
       "    roommate niveau filiere  \\\n",
       "0      False   ine2   aseds   \n",
       "1       True   ine3   cloud   \n",
       "2      False   ine2   smart   \n",
       "3       True   ine1    iccn   \n",
       "4      False   ine2    amoa   \n",
       "5      False   ine2    iccn   \n",
       "6       True   ine2    data   \n",
       "7      False   ine2   aseds   \n",
       "8       True   ine3   cloud   \n",
       "9       True   ine2  sesnum   \n",
       "10     False   ine2    data   \n",
       "11     False   ine2   iccn    \n",
       "12      True   ine1    amoa   \n",
       "13      True   ine2   aseds   \n",
       "14     False   ine1    data   \n",
       "\n",
       "                                               avatar  gender  \n",
       "0   https://robohash.org/estutrerum.png?size=50x50...    Male  \n",
       "1   https://robohash.org/omnisnihilipsa.png?size=5...    Male  \n",
       "2   https://robohash.org/doloremevenietconsequatur...  Female  \n",
       "3   https://robohash.org/cumquemaioresaperiam.png?...  Female  \n",
       "4   https://robohash.org/placeatharumdolor.png?siz...    Male  \n",
       "5   https://robohash.org/seditaqueculpa.png?size=5...    Male  \n",
       "6   https://robohash.org/culpautaut.png?size=50x50...    Male  \n",
       "7   https://robohash.org/estquisipsam.png?size=50x...    Male  \n",
       "8   https://robohash.org/quasillumconsequuntur.png...  Female  \n",
       "9   https://robohash.org/quisquia.png?size=50x50&s...    Male  \n",
       "10  https://robohash.org/fugiateaquedolor.png?size...  Female  \n",
       "11  https://robohash.org/dolormollitiaplaceat.png?...    Male  \n",
       "12  https://robohash.org/sitnisiasperiores.png?siz...    Male  \n",
       "13  https://robohash.org/itaquedolorblanditiis.png...    Male  \n",
       "14  https://robohash.org/iustoveritatisvoluptates....    Male  "
      ]
     },
     "execution_count": 14,
     "metadata": {},
     "output_type": "execute_result"
    }
   ],
   "source": [
    "data.head(15)"
   ]
  },
  {
   "cell_type": "code",
   "execution_count": 15,
   "id": "6f3f3981",
   "metadata": {},
   "outputs": [
    {
     "name": "stdout",
     "output_type": "stream",
     "text": [
      "['skilles', 'bio']\n"
     ]
    }
   ],
   "source": [
    "# selecting the relevant features for recommendation\n",
    "\n",
    "selected_features = ['skilles','bio']\n",
    "print(selected_features)"
   ]
  },
  {
   "cell_type": "code",
   "execution_count": 16,
   "id": "75c04135",
   "metadata": {},
   "outputs": [
    {
     "name": "stdout",
     "output_type": "stream",
     "text": [
      "0     Communication skills , Python , Java , C++ I a...\n",
      "1     Humanitarian Assistance , visualization , Data...\n",
      "2     Artificial Intelligence , Machine Learning , D...\n",
      "3     SQL, NoSQL, HTML, CSS, JavaScript I am a stude...\n",
      "4     Historical Research , java , Emotional intelli...\n",
      "5     Emotional intelligence , java , c++ ,Windows, ...\n",
      "6     Adaptability , speaking , html , css , Data an...\n",
      "7     Communication , python , c# , java , react , M...\n",
      "8     ,data science, management machine learning , d...\n",
      "9     Web Applications , mobile developpement , mach...\n",
      "10    speaking , html , css , javascript , machine l...\n",
      "11    Strategic planning, Time management , java , h...\n",
      "12    routing and switching, firewalls, java , devop...\n",
      "13    photoshop , figma , mac , css I am a student p...\n",
      "14    Mentorship , coaching , react , java , c++ I h...\n",
      "15    DevOps , docker , listening, clear , concise s...\n",
      "16    Artificial Intelligence , Machine Learning , W...\n",
      "17    Web Applications , java , machine learning I a...\n",
      "18    speaking , html , css , Data analytics I am al...\n",
      "19    Decision-making , node js , react , html   I a...\n",
      "20    management , react m angular , spring boot I h...\n",
      "21    machine learning , data science , python , css...\n",
      "22    Communication , java , react , python  I am a ...\n",
      "23    routing and switching, firewalls, java , devop...\n",
      "24    Time management , java , html , css , javascri...\n",
      "25    Software Installation , flutter , Leadership s...\n",
      "26    AWS, Azure,  Google Cloud , java hroughout my ...\n",
      "27    Windows, Linux, Kubernetes i am poised to make...\n",
      "28    Sports, HTML, CSS, JavaScript Throughout my ac...\n",
      "29    html,css,javascript I m try to learn everythin...\n",
      "30    html,css,javascript I m currently learning eve...\n",
      "dtype: object\n"
     ]
    }
   ],
   "source": [
    "# combining all the 5 selected features\n",
    "\n",
    "combined_features = data['skilles'] + ' ' + data['bio']\n",
    "print(combined_features)"
   ]
  },
  {
   "cell_type": "code",
   "execution_count": 17,
   "id": "ec3e7b12",
   "metadata": {},
   "outputs": [],
   "source": [
    "# converting the text data to feature vectors\n",
    "\n",
    "vectorizer = TfidfVectorizer()"
   ]
  },
  {
   "cell_type": "code",
   "execution_count": 18,
   "id": "c6b8b73d",
   "metadata": {},
   "outputs": [
    {
     "name": "stdout",
     "output_type": "stream",
     "text": [
      "  (0, 268)\t0.09057477834004639\n",
      "  (0, 281)\t0.09891155677166363\n",
      "  (0, 412)\t0.15396404032796343\n",
      "  (0, 164)\t0.08037138616600338\n",
      "  (0, 227)\t0.05888014734608787\n",
      "  (0, 55)\t0.17250421093362367\n",
      "  (0, 3)\t0.09455343332604044\n",
      "  (0, 26)\t0.09735351034408972\n",
      "  (0, 430)\t0.10372923872834466\n",
      "  (0, 414)\t0.10372923872834466\n",
      "  (0, 208)\t0.07203460773438615\n",
      "  (0, 230)\t0.17250421093362367\n",
      "  (0, 32)\t0.13060618776562216\n",
      "  (0, 320)\t0.17250421093362367\n",
      "  (0, 427)\t0.17250421093362367\n",
      "  (0, 333)\t0.15396404032796343\n",
      "  (0, 147)\t0.17250421093362367\n",
      "  (0, 145)\t0.46189212098389026\n",
      "  (0, 192)\t0.3456622908116797\n",
      "  (0, 222)\t0.15396404032796343\n",
      "  (0, 251)\t0.15396404032796343\n",
      "  (0, 57)\t0.17250421093362367\n",
      "  (0, 149)\t0.17250421093362367\n",
      "  (0, 436)\t0.060826214952045966\n",
      "  (0, 104)\t0.17250421093362367\n",
      "  :\t:\n",
      "  (30, 420)\t0.2124554786517023\n",
      "  (30, 122)\t0.2124554786517023\n",
      "  (30, 119)\t0.4249109573034046\n",
      "  (30, 189)\t0.18962148057715442\n",
      "  (30, 138)\t0.18962148057715442\n",
      "  (30, 170)\t0.18962148057715442\n",
      "  (30, 33)\t0.18962148057715442\n",
      "  (30, 2)\t0.3011730060840348\n",
      "  (30, 480)\t0.18962148057715442\n",
      "  (30, 16)\t0.08567270112867853\n",
      "  (30, 467)\t0.2687710471628566\n",
      "  (30, 331)\t0.1734205011165653\n",
      "  (30, 290)\t0.1343855235814283\n",
      "  (30, 254)\t0.1343855235814283\n",
      "  (30, 117)\t0.10287044233602742\n",
      "  (30, 219)\t0.11645162066898977\n",
      "  (30, 316)\t0.09898506955502274\n",
      "  (30, 398)\t0.09535054604629128\n",
      "  (30, 410)\t0.1734205011165653\n",
      "  (30, 194)\t0.1734205011165653\n",
      "  (30, 268)\t0.22310305101376077\n",
      "  (30, 281)\t0.12181906762957066\n",
      "  (30, 412)\t0.18962148057715442\n",
      "  (30, 164)\t0.09898506955502274\n",
      "  (30, 253)\t0.09535054604629128\n"
     ]
    }
   ],
   "source": [
    "feature_vectors = vectorizer.fit_transform(combined_features)\n",
    "print(feature_vectors)"
   ]
  },
  {
   "cell_type": "code",
   "execution_count": 19,
   "id": "4cf4a56c",
   "metadata": {},
   "outputs": [
    {
     "name": "stdout",
     "output_type": "stream",
     "text": [
      "[[1.         0.02972465 0.13981249 0.11734439 0.11303656 0.05771018\n",
      "  0.07199228 0.06442665 0.08278346 0.10266328 0.13288871 0.0656066\n",
      "  0.06686241 0.09100144 0.084511   0.07657387 0.10500953 0.17125007\n",
      "  0.07141949 0.10614446 0.03749349 0.11946591 0.16038061 0.10931382\n",
      "  0.1307191  0.14471998 0.14029195 0.05023994 0.08112839 0.02595307\n",
      "  0.07678935]\n",
      " [0.02972465 1.         0.1092741  0.05764588 0.2136355  0.09013071\n",
      "  0.12293812 0.15274654 0.06618738 0.06914321 0.07492784 0.114852\n",
      "  0.05202726 0.0932023  0.15061508 0.12311093 0.0838444  0.14962514\n",
      "  0.16655961 0.13385059 0.05118323 0.14679739 0.09089064 0.13102216\n",
      "  0.10366947 0.06540355 0.14904792 0.13384247 0.1453906  0.06934408\n",
      "  0.07487447]\n",
      " [0.13981249 0.1092741  1.         0.08734043 0.16858049 0.05030202\n",
      "  0.05596654 0.04906551 0.1573824  0.28705225 0.12397008 0.05055642\n",
      "  0.05853042 0.05486674 0.06119576 0.0719589  0.15369426 0.23469489\n",
      "  0.04780073 0.10090127 0.03009812 0.16265598 0.08772999 0.08495885\n",
      "  0.18879175 0.07431387 0.04004405 0.09903607 0.06170035 0.00992942\n",
      "  0.12216186]\n",
      " [0.11734439 0.05764588 0.08734043 1.         0.08094108 0.09640327\n",
      "  0.10140785 0.02405596 0.05300843 0.07277859 0.12089226 0.1253999\n",
      "  0.09185223 0.17857105 0.05742671 0.10743484 0.05286247 0.21243829\n",
      "  0.09381396 0.26096591 0.03417053 0.24418802 0.21251208 0.14893114\n",
      "  0.28265838 0.17724332 0.04892732 0.05819831 0.11537015 0.07005927\n",
      "  0.06534449]\n",
      " [0.11303656 0.2136355  0.16858049 0.08094108 1.         0.14179776\n",
      "  0.10160753 0.07357755 0.09402835 0.14391629 0.08770226 0.16708325\n",
      "  0.09451121 0.11271068 0.09815578 0.10471803 0.11639138 0.21208874\n",
      "  0.05190198 0.13472628 0.0887022  0.12179171 0.0744187  0.0951528\n",
      "  0.21480891 0.14352955 0.11805383 0.09398018 0.11878866 0.13517074\n",
      "  0.11181384]\n",
      " [0.05771018 0.09013071 0.05030202 0.09640327 0.14179776 1.\n",
      "  0.04982299 0.06214684 0.01635957 0.14068436 0.11375009 0.04130275\n",
      "  0.0482893  0.12536406 0.16560685 0.21023226 0.17203044 0.14107442\n",
      "  0.03419949 0.16175269 0.04250597 0.13031042 0.04428516 0.05262419\n",
      "  0.13411225 0.06196217 0.1180033  0.23808011 0.09815967 0.07172816\n",
      "  0.04010771]\n",
      " [0.07199228 0.12293812 0.05596654 0.10140785 0.10160753 0.04982299\n",
      "  1.         0.0656305  0.37298218 0.11756931 0.29738643 0.23666524\n",
      "  0.14756505 0.40108103 0.15314579 0.14745188 0.34337467 0.19778186\n",
      "  0.18886234 0.18107941 0.12106078 0.28937172 0.11746108 0.29117914\n",
      "  0.26775464 0.15228596 0.24807362 0.08012451 0.24988303 0.09399907\n",
      "  0.03142824]\n",
      " [0.06442665 0.15274654 0.04906551 0.02405596 0.07357755 0.06214684\n",
      "  0.0656305  1.         0.07233456 0.06728951 0.02279286 0.17910876\n",
      "  0.0623966  0.0870713  0.3141063  0.12805843 0.16795152 0.16594229\n",
      "  0.0676222  0.14162792 0.0865154  0.18131928 0.11393583 0.1423789\n",
      "  0.06697681 0.08514597 0.2023236  0.15975526 0.21439794 0.0349073\n",
      "  0.09818903]\n",
      " [0.08278346 0.06618738 0.1573824  0.05300843 0.09402835 0.01635957\n",
      "  0.37298218 0.07233456 1.         0.14568672 0.10175413 0.10960482\n",
      "  0.10903367 0.28479805 0.11495222 0.11997427 0.26301039 0.11216314\n",
      "  0.08967321 0.09599643 0.126697   0.23093844 0.11895244 0.28818325\n",
      "  0.18338431 0.14106564 0.2815383  0.06943557 0.21821548 0.1280889\n",
      "  0.09656094]\n",
      " [0.10266328 0.06914321 0.28705225 0.07277859 0.14391629 0.14068436\n",
      "  0.11756931 0.06728951 0.14568672 1.         0.15813665 0.08548216\n",
      "  0.11881734 0.09393333 0.10569067 0.12068339 0.21914626 0.29179564\n",
      "  0.07916832 0.11441577 0.08328722 0.18419716 0.05894165 0.12950717\n",
      "  0.1248165  0.13062644 0.09188995 0.11722951 0.08237707 0.08285725\n",
      "  0.15473644]\n",
      " [0.13288871 0.07492784 0.12397008 0.12089226 0.08770226 0.11375009\n",
      "  0.29738643 0.02279286 0.10175413 0.15813665 1.         0.23733747\n",
      "  0.11007498 0.13392197 0.08366545 0.10545928 0.13661538 0.14969811\n",
      "  0.13084433 0.12625397 0.05081287 0.15362216 0.08521025 0.13584361\n",
      "  0.24597875 0.11020561 0.23620144 0.08236746 0.16828906 0.09846223\n",
      "  0.10628698]\n",
      " [0.0656066  0.114852   0.05055642 0.1253999  0.16708325 0.04130275\n",
      "  0.23666524 0.17910876 0.10960482 0.08548216 0.23733747 1.\n",
      "  0.14448846 0.20377672 0.16173222 0.12694028 0.14870319 0.25780289\n",
      "  0.22773331 0.16919403 0.11048652 0.16872859 0.11891627 0.17140552\n",
      "  0.21028501 0.13985347 0.17174964 0.18556013 0.18094011 0.12427028\n",
      "  0.06219075]\n",
      " [0.06686241 0.05202726 0.05853042 0.09185223 0.09451121 0.0482893\n",
      "  0.14756505 0.0623966  0.10903367 0.11881734 0.11007498 0.14448846\n",
      "  1.         0.15356572 0.13352497 0.11979877 0.19845339 0.1895499\n",
      "  0.18563734 0.22135805 0.12511017 0.17738601 0.21353917 0.23757941\n",
      "  0.12799388 0.18110284 0.0941009  0.08558017 0.15969952 0.10183784\n",
      "  0.0175143 ]\n",
      " [0.09100144 0.0932023  0.05486674 0.17857105 0.11271068 0.12536406\n",
      "  0.40108103 0.0870713  0.28479805 0.09393333 0.13392197 0.20377672\n",
      "  0.15356572 1.         0.1531152  0.16904415 0.4863543  0.35648836\n",
      "  0.08717014 0.2270831  0.1101851  0.27590754 0.15237316 0.29671261\n",
      "  0.2544203  0.18392208 0.24831952 0.0917531  0.25769663 0.09371944\n",
      "  0.0519225 ]\n",
      " [0.084511   0.15061508 0.06119576 0.05742671 0.09815578 0.16560685\n",
      "  0.15314579 0.3141063  0.11495222 0.10569067 0.08366545 0.16173222\n",
      "  0.13352497 0.1531152  1.         0.62142823 0.2097545  0.24786383\n",
      "  0.1482081  0.52046143 0.15881116 0.2288056  0.12181417 0.25226715\n",
      "  0.16345118 0.14821846 0.17215241 0.2237588  0.27827642 0.11204265\n",
      "  0.03170603]\n",
      " [0.07657387 0.12311093 0.0719589  0.10743484 0.10471803 0.21023226\n",
      "  0.14745188 0.12805843 0.11997427 0.12068339 0.10545928 0.12694028\n",
      "  0.11979877 0.16904415 0.62142823 1.         0.18262191 0.22579899\n",
      "  0.12791974 0.55498091 0.11648791 0.22159909 0.09337211 0.19290423\n",
      "  0.16387422 0.17229085 0.15724724 0.12566495 0.20934522 0.06295259\n",
      "  0.03431923]\n",
      " [0.10500953 0.0838444  0.15369426 0.05286247 0.11639138 0.17203044\n",
      "  0.34337467 0.16795152 0.26301039 0.21914626 0.13661538 0.14870319\n",
      "  0.19845339 0.4863543  0.2097545  0.18262191 1.         0.29373986\n",
      "  0.0622463  0.16969008 0.16166742 0.33252967 0.10847785 0.32012453\n",
      "  0.16525648 0.18306762 0.32089883 0.1717071  0.39410365 0.08709481\n",
      "  0.05734318]\n",
      " [0.17125007 0.14962514 0.23469489 0.21243829 0.21208874 0.14107442\n",
      "  0.19778186 0.16594229 0.11216314 0.29179564 0.14969811 0.25780289\n",
      "  0.1895499  0.35648836 0.24786383 0.22579899 0.29373986 1.\n",
      "  0.20806221 0.37522595 0.15807722 0.41231128 0.24432455 0.20063866\n",
      "  0.32782573 0.24545044 0.16933162 0.19228692 0.22386622 0.18931048\n",
      "  0.0615812 ]\n",
      " [0.07141949 0.16655961 0.04780073 0.09381396 0.05190198 0.03419949\n",
      "  0.18886234 0.0676222  0.08967321 0.07916832 0.13084433 0.22773331\n",
      "  0.18563734 0.08717014 0.1482081  0.12791974 0.0622463  0.20806221\n",
      "  1.         0.1624162  0.05548077 0.16297787 0.17389531 0.17064305\n",
      "  0.11437369 0.11210102 0.03503312 0.12951496 0.11542826 0.17334053\n",
      "  0.06362574]\n",
      " [0.10614446 0.13385059 0.10090127 0.26096591 0.13472628 0.16175269\n",
      "  0.18107941 0.14162792 0.09599643 0.11441577 0.12625397 0.16919403\n",
      "  0.22135805 0.2270831  0.52046143 0.55498091 0.16969008 0.37522595\n",
      "  0.1624162  1.         0.15241065 0.46094856 0.22502444 0.18152243\n",
      "  0.25130395 0.20892459 0.1607026  0.1254548  0.22356936 0.10570343\n",
      "  0.02475256]\n",
      " [0.03749349 0.05118323 0.03009812 0.03417053 0.0887022  0.04250597\n",
      "  0.12106078 0.0865154  0.126697   0.08328722 0.05081287 0.11048652\n",
      "  0.12511017 0.1101851  0.15881116 0.11648791 0.16166742 0.15807722\n",
      "  0.05548077 0.15241065 1.         0.17865085 0.09472466 0.15540906\n",
      "  0.14077935 0.19123236 0.13934986 0.05585061 0.1485382  0.08988053\n",
      "  0.02147473]\n",
      " [0.11946591 0.14679739 0.16265598 0.24418802 0.12179171 0.13031042\n",
      "  0.28937172 0.18131928 0.23093844 0.18419716 0.15362216 0.16872859\n",
      "  0.17738601 0.27590754 0.2288056  0.22159909 0.33252967 0.41231128\n",
      "  0.16297787 0.46094856 0.17865085 1.         0.19401234 0.30878241\n",
      "  0.27211606 0.23399792 0.23893112 0.17006056 0.34009239 0.10384093\n",
      "  0.06086285]\n",
      " [0.16038061 0.09089064 0.08772999 0.21251208 0.0744187  0.04428516\n",
      "  0.11746108 0.11393583 0.11895244 0.05894165 0.08521025 0.11891627\n",
      "  0.21353917 0.15237316 0.12181417 0.09337211 0.10847785 0.24432455\n",
      "  0.17389531 0.22502444 0.09472466 0.19401234 1.         0.18173982\n",
      "  0.22017314 0.15503477 0.06771083 0.12516152 0.12750201 0.06138013\n",
      "  0.01754404]\n",
      " [0.10931382 0.13102216 0.08495885 0.14893114 0.0951528  0.05262419\n",
      "  0.29117914 0.1423789  0.28818325 0.12950717 0.13584361 0.17140552\n",
      "  0.23757941 0.29671261 0.25226715 0.19290423 0.32012453 0.20063866\n",
      "  0.17064305 0.18152243 0.15540906 0.30878241 0.18173982 1.\n",
      "  0.25625209 0.18536002 0.22576704 0.15897241 0.35586349 0.11434967\n",
      "  0.02395955]\n",
      " [0.1307191  0.10366947 0.18879175 0.28265838 0.21480891 0.13411225\n",
      "  0.26775464 0.06697681 0.18338431 0.1248165  0.24597875 0.21028501\n",
      "  0.12799388 0.2544203  0.16345118 0.16387422 0.16525648 0.32782573\n",
      "  0.11437369 0.25130395 0.14077935 0.27211606 0.22017314 0.25625209\n",
      "  1.         0.27449144 0.16498965 0.12692934 0.21687152 0.09853674\n",
      "  0.08495756]\n",
      " [0.14471998 0.06540355 0.07431387 0.17724332 0.14352955 0.06196217\n",
      "  0.15228596 0.08514597 0.14106564 0.13062644 0.11020561 0.13985347\n",
      "  0.18110284 0.18392208 0.14821846 0.17229085 0.18306762 0.24545044\n",
      "  0.11210102 0.20892459 0.19123236 0.23399792 0.15503477 0.18536002\n",
      "  0.27449144 1.         0.20138397 0.11072311 0.2262118  0.0711258\n",
      "  0.08383165]\n",
      " [0.14029195 0.14904792 0.04004405 0.04892732 0.11805383 0.1180033\n",
      "  0.24807362 0.2023236  0.2815383  0.09188995 0.23620144 0.17174964\n",
      "  0.0941009  0.24831952 0.17215241 0.15724724 0.32089883 0.16933162\n",
      "  0.03503312 0.1607026  0.13934986 0.23893112 0.06771083 0.22576704\n",
      "  0.16498965 0.20138397 1.         0.08737468 0.424138   0.09762649\n",
      "  0.06375293]\n",
      " [0.05023994 0.13384247 0.09903607 0.05819831 0.09398018 0.23808011\n",
      "  0.08012451 0.15975526 0.06943557 0.11722951 0.08236746 0.18556013\n",
      "  0.08558017 0.0917531  0.2237588  0.12566495 0.1717071  0.19228692\n",
      "  0.12951496 0.1254548  0.05585061 0.17006056 0.12516152 0.15897241\n",
      "  0.12692934 0.11072311 0.08737468 1.         0.18750927 0.09897599\n",
      "  0.04720031]\n",
      " [0.08112839 0.1453906  0.06170035 0.11537015 0.11878866 0.09815967\n",
      "  0.24988303 0.21439794 0.21821548 0.08237707 0.16828906 0.18094011\n",
      "  0.15969952 0.25769663 0.27827642 0.20934522 0.39410365 0.22386622\n",
      "  0.11542826 0.22356936 0.1485382  0.34009239 0.12750201 0.35586349\n",
      "  0.21687152 0.2262118  0.424138   0.18750927 1.         0.13038753\n",
      "  0.10870348]\n",
      " [0.02595307 0.06934408 0.00992942 0.07005927 0.13517074 0.07172816\n",
      "  0.09399907 0.0349073  0.1280889  0.08285725 0.09846223 0.12427028\n",
      "  0.10183784 0.09371944 0.11204265 0.06295259 0.08709481 0.18931048\n",
      "  0.17334053 0.10570343 0.08988053 0.10384093 0.06138013 0.11434967\n",
      "  0.09853674 0.0711258  0.09762649 0.09897599 0.13038753 1.\n",
      "  0.22451197]\n",
      " [0.07678935 0.07487447 0.12216186 0.06534449 0.11181384 0.04010771\n",
      "  0.03142824 0.09818903 0.09656094 0.15473644 0.10628698 0.06219075\n",
      "  0.0175143  0.0519225  0.03170603 0.03431923 0.05734318 0.0615812\n",
      "  0.06362574 0.02475256 0.02147473 0.06086285 0.01754404 0.02395955\n",
      "  0.08495756 0.08383165 0.06375293 0.04720031 0.10870348 0.22451197\n",
      "  1.        ]]\n"
     ]
    }
   ],
   "source": [
    "# getting the similarity scores using cosine similarity\n",
    "\n",
    "similarity = cosine_similarity((feature_vectors))\n",
    "print(similarity)"
   ]
  },
  {
   "cell_type": "code",
   "execution_count": 20,
   "id": "9aaea1de",
   "metadata": {},
   "outputs": [],
   "source": [
    "def recommend(nom):\n",
    "    index_of_the_name = data[data.name == nom]['id'].values[0]\n",
    "     #getting a list of similar persons\n",
    "    ids = list(data[\"id\"])\n",
    "    if (data[data.id==index_of_the_name]['roommate'].values[0]==True):\n",
    "        print(\"you aleardy have a roommate :)\")\n",
    "    else:\n",
    "        similarity_score = list(similarity[index_of_the_name])\n",
    "        #print(similarity_score)\n",
    "        similarity_score_resultat=[]\n",
    "        for i in range(len(ids)):\n",
    "              similarity_score_resultat.append((ids[i], similarity_score[i]))\n",
    "        \n",
    "        #print(similarity_score_resultat)\n",
    "        # sorting the persons based on their similarity score\n",
    "\n",
    "        sorted_similar_names = sorted(similarity_score_resultat, key = lambda x:x[1], reverse = True) \n",
    "        for item in sorted_similar_names:\n",
    "          if item[1] == 1:\n",
    "              sorted_similar_names.remove(item)\n",
    "\n",
    "        #print(sorted_similar_names)\n",
    "        # print the name of similar persons based on the index\n",
    "        print('We suggest you the best roommates for you : \\n')\n",
    "\n",
    "\n",
    "        i = 1\n",
    "\n",
    "        for person in sorted_similar_names:\n",
    "          index = person[0]\n",
    "          name_from_index = data[data.id==index]['name'].values[0]\n",
    "          gender_from_index = data[data.id==index]['gender'].values[0]\n",
    "          if(data[data.id==index]['roommate'].values[0]==False):\n",
    "            if (gender_from_index == data[data.id==index_of_the_name]['gender'].values[0]):\n",
    "              if (i<4):\n",
    "                print(i, '.',name_from_index , gender_from_index )\n",
    "                i+=1\n",
    "    "
   ]
  },
  {
   "cell_type": "code",
   "execution_count": 21,
   "id": "6c4d4743",
   "metadata": {},
   "outputs": [
    {
     "name": "stdout",
     "output_type": "stream",
     "text": [
      "you aleardy have a roommate :)\n"
     ]
    }
   ],
   "source": [
    "recommend('Kendrick Trickey')"
   ]
  },
  {
   "cell_type": "code",
   "execution_count": 22,
   "id": "2309bb6c",
   "metadata": {},
   "outputs": [],
   "source": [
    "import pickle"
   ]
  },
  {
   "cell_type": "code",
   "execution_count": 23,
   "id": "0bd21938",
   "metadata": {},
   "outputs": [],
   "source": [
    "pickle.dump(data,open('roommate_list1.pkl','wb'))\n",
    "pickle.dump(similarity,open('similarity1.pkl','wb'))"
   ]
  }
 ],
 "metadata": {
  "kernelspec": {
   "display_name": "Python 3 (ipykernel)",
   "language": "python",
   "name": "python3"
  },
  "language_info": {
   "codemirror_mode": {
    "name": "ipython",
    "version": 3
   },
   "file_extension": ".py",
   "mimetype": "text/x-python",
   "name": "python",
   "nbconvert_exporter": "python",
   "pygments_lexer": "ipython3",
   "version": "3.9.13"
  }
 },
 "nbformat": 4,
 "nbformat_minor": 5
}
