{
 "cells": [
  {
   "cell_type": "code",
   "execution_count": 13,
   "id": "1cdf20e2",
   "metadata": {},
   "outputs": [],
   "source": [
    "import pandas as pd\n",
    "import numpy as np\n",
    "import difflib\n",
    "from sklearn.feature_extraction.text import TfidfVectorizer\n",
    "from sklearn.metrics.pairwise import cosine_similarity"
   ]
  },
  {
   "cell_type": "code",
   "execution_count": 14,
   "id": "49b618f0",
   "metadata": {},
   "outputs": [],
   "source": [
    "data = pd.read_csv('MOCK_DATA.csv')\n",
    "\n",
    "data['name'] = data['first_name'] + ' ' + data['last_name']\n",
    "data['id']= data['id'] -1 \n"
   ]
  },
  {
   "cell_type": "code",
   "execution_count": 15,
   "id": "318ec539",
   "metadata": {},
   "outputs": [
    {
     "data": {
      "text/html": [
       "<div>\n",
       "<style scoped>\n",
       "    .dataframe tbody tr th:only-of-type {\n",
       "        vertical-align: middle;\n",
       "    }\n",
       "\n",
       "    .dataframe tbody tr th {\n",
       "        vertical-align: top;\n",
       "    }\n",
       "\n",
       "    .dataframe thead th {\n",
       "        text-align: right;\n",
       "    }\n",
       "</style>\n",
       "<table border=\"1\" class=\"dataframe\">\n",
       "  <thead>\n",
       "    <tr style=\"text-align: right;\">\n",
       "      <th></th>\n",
       "      <th>id</th>\n",
       "      <th>first_name</th>\n",
       "      <th>last_name</th>\n",
       "      <th>email</th>\n",
       "      <th>gender</th>\n",
       "      <th>skilles</th>\n",
       "      <th>bio</th>\n",
       "      <th>roommate</th>\n",
       "      <th>avatar</th>\n",
       "      <th>password</th>\n",
       "      <th>room</th>\n",
       "      <th>pavillon</th>\n",
       "      <th>niveau</th>\n",
       "      <th>filiere</th>\n",
       "      <th>name</th>\n",
       "    </tr>\n",
       "  </thead>\n",
       "  <tbody>\n",
       "    <tr>\n",
       "      <th>0</th>\n",
       "      <td>0</td>\n",
       "      <td>Jory</td>\n",
       "      <td>Carlick</td>\n",
       "      <td>jcarlick0@dyndns.org</td>\n",
       "      <td>Male</td>\n",
       "      <td>Communication skills , Python , Java , C++</td>\n",
       "      <td>I am an aspiring data scientist who enjoys con...</td>\n",
       "      <td>False</td>\n",
       "      <td>https://robohash.org/estutrerum.png?size=50x50...</td>\n",
       "      <td>sjhbcjbsdj</td>\n",
       "      <td>121</td>\n",
       "      <td>2</td>\n",
       "      <td>ine2</td>\n",
       "      <td>aseds</td>\n",
       "      <td>Jory Carlick</td>\n",
       "    </tr>\n",
       "    <tr>\n",
       "      <th>1</th>\n",
       "      <td>1</td>\n",
       "      <td>Kendrick</td>\n",
       "      <td>Trickey</td>\n",
       "      <td>ktrickey1@google.co.uk</td>\n",
       "      <td>Male</td>\n",
       "      <td>Humanitarian Assistance , visualization , Data...</td>\n",
       "      <td>I am a full-stack software engineer and writer...</td>\n",
       "      <td>True</td>\n",
       "      <td>https://robohash.org/omnisnihilipsa.png?size=5...</td>\n",
       "      <td>dcbjdcj</td>\n",
       "      <td>123</td>\n",
       "      <td>1</td>\n",
       "      <td>ine3</td>\n",
       "      <td>cloud</td>\n",
       "      <td>Kendrick Trickey</td>\n",
       "    </tr>\n",
       "    <tr>\n",
       "      <th>2</th>\n",
       "      <td>2</td>\n",
       "      <td>Amye</td>\n",
       "      <td>Gott</td>\n",
       "      <td>agott2@scribd.com</td>\n",
       "      <td>Female</td>\n",
       "      <td>Artificial Intelligence , Machine Learning , D...</td>\n",
       "      <td>I am a third year Machine Learning . Apart fro...</td>\n",
       "      <td>False</td>\n",
       "      <td>https://robohash.org/doloremevenietconsequatur...</td>\n",
       "      <td>cdbbb</td>\n",
       "      <td>12</td>\n",
       "      <td>2</td>\n",
       "      <td>ine2</td>\n",
       "      <td>smart</td>\n",
       "      <td>Amye Gott</td>\n",
       "    </tr>\n",
       "    <tr>\n",
       "      <th>3</th>\n",
       "      <td>3</td>\n",
       "      <td>Tiffanie</td>\n",
       "      <td>Tomasi</td>\n",
       "      <td>ttomasi3@dell.com</td>\n",
       "      <td>Female</td>\n",
       "      <td>SQL, NoSQL, HTML, CSS, JavaScript</td>\n",
       "      <td>I am a student pursuing a degree in Cybersecur...</td>\n",
       "      <td>True</td>\n",
       "      <td>https://robohash.org/cumquemaioresaperiam.png?...</td>\n",
       "      <td>bdcbj</td>\n",
       "      <td>123</td>\n",
       "      <td>3</td>\n",
       "      <td>ine1</td>\n",
       "      <td>iccn</td>\n",
       "      <td>Tiffanie Tomasi</td>\n",
       "    </tr>\n",
       "    <tr>\n",
       "      <th>4</th>\n",
       "      <td>4</td>\n",
       "      <td>Morley</td>\n",
       "      <td>Buterton</td>\n",
       "      <td>mbuterton4@hatena.ne.jp</td>\n",
       "      <td>Male</td>\n",
       "      <td>Historical Research , java , Emotional intelli...</td>\n",
       "      <td>hi, i'm  a passionate self-taught full stack w...</td>\n",
       "      <td>False</td>\n",
       "      <td>https://robohash.org/placeatharumdolor.png?siz...</td>\n",
       "      <td>dcbjbdjc</td>\n",
       "      <td>132</td>\n",
       "      <td>1</td>\n",
       "      <td>ine2</td>\n",
       "      <td>amoa</td>\n",
       "      <td>Morley Buterton</td>\n",
       "    </tr>\n",
       "    <tr>\n",
       "      <th>5</th>\n",
       "      <td>5</td>\n",
       "      <td>Davis</td>\n",
       "      <td>Common</td>\n",
       "      <td>dcommon5@squarespace.com</td>\n",
       "      <td>Male</td>\n",
       "      <td>Emotional intelligence , java , c++ ,Windows, ...</td>\n",
       "      <td>a strong passion for software engineering and...</td>\n",
       "      <td>False</td>\n",
       "      <td>https://robohash.org/seditaqueculpa.png?size=5...</td>\n",
       "      <td>cdbdj</td>\n",
       "      <td>34</td>\n",
       "      <td>2</td>\n",
       "      <td>ine2</td>\n",
       "      <td>iccn</td>\n",
       "      <td>Davis Common</td>\n",
       "    </tr>\n",
       "    <tr>\n",
       "      <th>6</th>\n",
       "      <td>6</td>\n",
       "      <td>Ash</td>\n",
       "      <td>Kennaird</td>\n",
       "      <td>akennaird6@prweb.com</td>\n",
       "      <td>Male</td>\n",
       "      <td>Adaptability , speaking , html , css , Data an...</td>\n",
       "      <td>Throughout my academic career, I have gained h...</td>\n",
       "      <td>True</td>\n",
       "      <td>https://robohash.org/culpautaut.png?size=50x50...</td>\n",
       "      <td>dcjcjd j</td>\n",
       "      <td>13</td>\n",
       "      <td>3</td>\n",
       "      <td>ine2</td>\n",
       "      <td>data</td>\n",
       "      <td>Ash Kennaird</td>\n",
       "    </tr>\n",
       "    <tr>\n",
       "      <th>7</th>\n",
       "      <td>7</td>\n",
       "      <td>Fonsie</td>\n",
       "      <td>Lutton</td>\n",
       "      <td>flutton7@howstuffworks.com</td>\n",
       "      <td>Male</td>\n",
       "      <td>Communication , python , c# , java , react , M...</td>\n",
       "      <td>i enjoy exploring new technologies and working...</td>\n",
       "      <td>False</td>\n",
       "      <td>https://robohash.org/estquisipsam.png?size=50x...</td>\n",
       "      <td>cbdjbj</td>\n",
       "      <td>32</td>\n",
       "      <td>3</td>\n",
       "      <td>ine2</td>\n",
       "      <td>aseds</td>\n",
       "      <td>Fonsie Lutton</td>\n",
       "    </tr>\n",
       "    <tr>\n",
       "      <th>8</th>\n",
       "      <td>8</td>\n",
       "      <td>Rosalinde</td>\n",
       "      <td>Pesic</td>\n",
       "      <td>rpesic8@list-manage.com</td>\n",
       "      <td>Female</td>\n",
       "      <td>,data science, management machine learning , d...</td>\n",
       "      <td>Throughout my academic career, I have gained h...</td>\n",
       "      <td>True</td>\n",
       "      <td>https://robohash.org/quasillumconsequuntur.png...</td>\n",
       "      <td>cdjcj</td>\n",
       "      <td>21</td>\n",
       "      <td>3</td>\n",
       "      <td>ine3</td>\n",
       "      <td>cloud</td>\n",
       "      <td>Rosalinde Pesic</td>\n",
       "    </tr>\n",
       "    <tr>\n",
       "      <th>9</th>\n",
       "      <td>9</td>\n",
       "      <td>Felipe</td>\n",
       "      <td>Bullick</td>\n",
       "      <td>fbullick9@mapy.cz</td>\n",
       "      <td>Male</td>\n",
       "      <td>Web Applications , mobile developpement , mach...</td>\n",
       "      <td>my passion for software engineering has led me...</td>\n",
       "      <td>True</td>\n",
       "      <td>https://robohash.org/quisquia.png?size=50x50&amp;s...</td>\n",
       "      <td>c d d vj j</td>\n",
       "      <td>34</td>\n",
       "      <td>3</td>\n",
       "      <td>ine2</td>\n",
       "      <td>sesnum</td>\n",
       "      <td>Felipe Bullick</td>\n",
       "    </tr>\n",
       "    <tr>\n",
       "      <th>10</th>\n",
       "      <td>10</td>\n",
       "      <td>Lottie</td>\n",
       "      <td>Dimsdale</td>\n",
       "      <td>ldimsdalea@businesswire.com</td>\n",
       "      <td>Female</td>\n",
       "      <td>speaking , html , css , javascript , machine l...</td>\n",
       "      <td>i am also an active member of the university's...</td>\n",
       "      <td>False</td>\n",
       "      <td>https://robohash.org/fugiateaquedolor.png?size...</td>\n",
       "      <td>cd d vcj</td>\n",
       "      <td>45</td>\n",
       "      <td>2</td>\n",
       "      <td>ine2</td>\n",
       "      <td>data</td>\n",
       "      <td>Lottie Dimsdale</td>\n",
       "    </tr>\n",
       "    <tr>\n",
       "      <th>11</th>\n",
       "      <td>11</td>\n",
       "      <td>Selig</td>\n",
       "      <td>Tort</td>\n",
       "      <td>stortb@infoseek.co.jp</td>\n",
       "      <td>Male</td>\n",
       "      <td>Strategic planning, Time management , java , h...</td>\n",
       "      <td>I m determined to become a leading software en...</td>\n",
       "      <td>False</td>\n",
       "      <td>https://robohash.org/dolormollitiaplaceat.png?...</td>\n",
       "      <td>cdj cj</td>\n",
       "      <td>87</td>\n",
       "      <td>1</td>\n",
       "      <td>ine2</td>\n",
       "      <td>iccn</td>\n",
       "      <td>Selig Tort</td>\n",
       "    </tr>\n",
       "    <tr>\n",
       "      <th>12</th>\n",
       "      <td>12</td>\n",
       "      <td>Cole</td>\n",
       "      <td>Finan</td>\n",
       "      <td>cfinanc@cornell.edu</td>\n",
       "      <td>Male</td>\n",
       "      <td>routing and switching, firewalls, java , devop...</td>\n",
       "      <td>I have always been fascinated by the power of ...</td>\n",
       "      <td>True</td>\n",
       "      <td>https://robohash.org/sitnisiasperiores.png?siz...</td>\n",
       "      <td>cd jd j</td>\n",
       "      <td>14</td>\n",
       "      <td>2</td>\n",
       "      <td>ine1</td>\n",
       "      <td>amoa</td>\n",
       "      <td>Cole Finan</td>\n",
       "    </tr>\n",
       "    <tr>\n",
       "      <th>13</th>\n",
       "      <td>13</td>\n",
       "      <td>Hamilton</td>\n",
       "      <td>Petow</td>\n",
       "      <td>hpetowd@ycombinator.com</td>\n",
       "      <td>Male</td>\n",
       "      <td>photoshop , figma , mac , css</td>\n",
       "      <td>I am a student pursuing a degree in Telecommun...</td>\n",
       "      <td>True</td>\n",
       "      <td>https://robohash.org/itaquedolorblanditiis.png...</td>\n",
       "      <td>c dcdn</td>\n",
       "      <td>4</td>\n",
       "      <td>3</td>\n",
       "      <td>ine2</td>\n",
       "      <td>aseds</td>\n",
       "      <td>Hamilton Petow</td>\n",
       "    </tr>\n",
       "    <tr>\n",
       "      <th>14</th>\n",
       "      <td>14</td>\n",
       "      <td>Dallas</td>\n",
       "      <td>Emblen</td>\n",
       "      <td>demblene@ebay.co.uk</td>\n",
       "      <td>Male</td>\n",
       "      <td>Mentorship , coaching , react , java , c++</td>\n",
       "      <td>I have developed strong problem-solving and an...</td>\n",
       "      <td>False</td>\n",
       "      <td>https://robohash.org/iustoveritatisvoluptates....</td>\n",
       "      <td>c jd jc</td>\n",
       "      <td>67</td>\n",
       "      <td>1</td>\n",
       "      <td>ine1</td>\n",
       "      <td>data</td>\n",
       "      <td>Dallas Emblen</td>\n",
       "    </tr>\n",
       "  </tbody>\n",
       "</table>\n",
       "</div>"
      ],
      "text/plain": [
       "    id first_name last_name                        email  gender  \\\n",
       "0    0       Jory   Carlick         jcarlick0@dyndns.org    Male   \n",
       "1    1   Kendrick   Trickey       ktrickey1@google.co.uk    Male   \n",
       "2    2       Amye      Gott            agott2@scribd.com  Female   \n",
       "3    3   Tiffanie    Tomasi            ttomasi3@dell.com  Female   \n",
       "4    4     Morley  Buterton      mbuterton4@hatena.ne.jp    Male   \n",
       "5    5      Davis    Common     dcommon5@squarespace.com    Male   \n",
       "6    6        Ash  Kennaird         akennaird6@prweb.com    Male   \n",
       "7    7     Fonsie    Lutton   flutton7@howstuffworks.com    Male   \n",
       "8    8  Rosalinde     Pesic      rpesic8@list-manage.com  Female   \n",
       "9    9     Felipe   Bullick            fbullick9@mapy.cz    Male   \n",
       "10  10     Lottie  Dimsdale  ldimsdalea@businesswire.com  Female   \n",
       "11  11      Selig      Tort        stortb@infoseek.co.jp    Male   \n",
       "12  12       Cole     Finan          cfinanc@cornell.edu    Male   \n",
       "13  13   Hamilton     Petow      hpetowd@ycombinator.com    Male   \n",
       "14  14     Dallas    Emblen          demblene@ebay.co.uk    Male   \n",
       "\n",
       "                                              skilles  \\\n",
       "0          Communication skills , Python , Java , C++   \n",
       "1   Humanitarian Assistance , visualization , Data...   \n",
       "2   Artificial Intelligence , Machine Learning , D...   \n",
       "3                   SQL, NoSQL, HTML, CSS, JavaScript   \n",
       "4   Historical Research , java , Emotional intelli...   \n",
       "5   Emotional intelligence , java , c++ ,Windows, ...   \n",
       "6   Adaptability , speaking , html , css , Data an...   \n",
       "7   Communication , python , c# , java , react , M...   \n",
       "8   ,data science, management machine learning , d...   \n",
       "9   Web Applications , mobile developpement , mach...   \n",
       "10  speaking , html , css , javascript , machine l...   \n",
       "11  Strategic planning, Time management , java , h...   \n",
       "12  routing and switching, firewalls, java , devop...   \n",
       "13                      photoshop , figma , mac , css   \n",
       "14         Mentorship , coaching , react , java , c++   \n",
       "\n",
       "                                                  bio  roommate  \\\n",
       "0   I am an aspiring data scientist who enjoys con...     False   \n",
       "1   I am a full-stack software engineer and writer...      True   \n",
       "2   I am a third year Machine Learning . Apart fro...     False   \n",
       "3   I am a student pursuing a degree in Cybersecur...      True   \n",
       "4   hi, i'm  a passionate self-taught full stack w...     False   \n",
       "5    a strong passion for software engineering and...     False   \n",
       "6   Throughout my academic career, I have gained h...      True   \n",
       "7   i enjoy exploring new technologies and working...     False   \n",
       "8   Throughout my academic career, I have gained h...      True   \n",
       "9   my passion for software engineering has led me...      True   \n",
       "10  i am also an active member of the university's...     False   \n",
       "11  I m determined to become a leading software en...     False   \n",
       "12  I have always been fascinated by the power of ...      True   \n",
       "13  I am a student pursuing a degree in Telecommun...      True   \n",
       "14  I have developed strong problem-solving and an...     False   \n",
       "\n",
       "                                               avatar    password  room  \\\n",
       "0   https://robohash.org/estutrerum.png?size=50x50...  sjhbcjbsdj   121   \n",
       "1   https://robohash.org/omnisnihilipsa.png?size=5...     dcbjdcj   123   \n",
       "2   https://robohash.org/doloremevenietconsequatur...       cdbbb    12   \n",
       "3   https://robohash.org/cumquemaioresaperiam.png?...       bdcbj   123   \n",
       "4   https://robohash.org/placeatharumdolor.png?siz...    dcbjbdjc   132   \n",
       "5   https://robohash.org/seditaqueculpa.png?size=5...       cdbdj    34   \n",
       "6   https://robohash.org/culpautaut.png?size=50x50...    dcjcjd j    13   \n",
       "7   https://robohash.org/estquisipsam.png?size=50x...      cbdjbj    32   \n",
       "8   https://robohash.org/quasillumconsequuntur.png...       cdjcj    21   \n",
       "9   https://robohash.org/quisquia.png?size=50x50&s...  c d d vj j    34   \n",
       "10  https://robohash.org/fugiateaquedolor.png?size...    cd d vcj    45   \n",
       "11  https://robohash.org/dolormollitiaplaceat.png?...      cdj cj    87   \n",
       "12  https://robohash.org/sitnisiasperiores.png?siz...     cd jd j    14   \n",
       "13  https://robohash.org/itaquedolorblanditiis.png...      c dcdn     4   \n",
       "14  https://robohash.org/iustoveritatisvoluptates....     c jd jc    67   \n",
       "\n",
       "    pavillon niveau filiere              name  \n",
       "0          2   ine2   aseds      Jory Carlick  \n",
       "1          1   ine3   cloud  Kendrick Trickey  \n",
       "2          2   ine2   smart         Amye Gott  \n",
       "3          3   ine1    iccn   Tiffanie Tomasi  \n",
       "4          1   ine2    amoa   Morley Buterton  \n",
       "5          2   ine2    iccn      Davis Common  \n",
       "6          3   ine2    data      Ash Kennaird  \n",
       "7          3   ine2   aseds     Fonsie Lutton  \n",
       "8          3   ine3   cloud   Rosalinde Pesic  \n",
       "9          3   ine2  sesnum    Felipe Bullick  \n",
       "10         2   ine2    data   Lottie Dimsdale  \n",
       "11         1   ine2   iccn         Selig Tort  \n",
       "12         2   ine1    amoa        Cole Finan  \n",
       "13         3   ine2   aseds    Hamilton Petow  \n",
       "14         1   ine1    data     Dallas Emblen  "
      ]
     },
     "execution_count": 15,
     "metadata": {},
     "output_type": "execute_result"
    }
   ],
   "source": [
    "data.head(15)"
   ]
  },
  {
   "cell_type": "code",
   "execution_count": 16,
   "id": "6f3f3981",
   "metadata": {},
   "outputs": [
    {
     "name": "stdout",
     "output_type": "stream",
     "text": [
      "['skilles', 'bio']\n"
     ]
    }
   ],
   "source": [
    "# selecting the relevant features for recommendation\n",
    "\n",
    "selected_features = ['skilles','bio']\n",
    "print(selected_features)"
   ]
  },
  {
   "cell_type": "code",
   "execution_count": 17,
   "id": "75c04135",
   "metadata": {},
   "outputs": [
    {
     "name": "stdout",
     "output_type": "stream",
     "text": [
      "0     Communication skills , Python , Java , C++ I a...\n",
      "1     Humanitarian Assistance , visualization , Data...\n",
      "2     Artificial Intelligence , Machine Learning , D...\n",
      "3     SQL, NoSQL, HTML, CSS, JavaScript I am a stude...\n",
      "4     Historical Research , java , Emotional intelli...\n",
      "5     Emotional intelligence , java , c++ ,Windows, ...\n",
      "6     Adaptability , speaking , html , css , Data an...\n",
      "7     Communication , python , c# , java , react , M...\n",
      "8     ,data science, management machine learning , d...\n",
      "9     Web Applications , mobile developpement , mach...\n",
      "10    speaking , html , css , javascript , machine l...\n",
      "11    Strategic planning, Time management , java , h...\n",
      "12    routing and switching, firewalls, java , devop...\n",
      "13    photoshop , figma , mac , css I am a student p...\n",
      "14    Mentorship , coaching , react , java , c++ I h...\n",
      "15    DevOps , docker , listening, clear , concise s...\n",
      "16    Artificial Intelligence , Machine Learning , W...\n",
      "17    Web Applications , java , machine learning I a...\n",
      "18    speaking , html , css , Data analytics I am al...\n",
      "19    Decision-making , node js , react , html   I a...\n",
      "20    management , react m angular , spring boot I h...\n",
      "21    machine learning , data science , python , css...\n",
      "22    Communication , java , react , python  I am a ...\n",
      "23    routing and switching, firewalls, java , devop...\n",
      "24    Time management , java , html , css , javascri...\n",
      "25    Software Installation , flutter , Leadership s...\n",
      "26    AWS, Azure,  Google Cloud , java hroughout my ...\n",
      "27    Windows, Linux, Kubernetes i am poised to make...\n",
      "28    Sports, HTML, CSS, JavaScript Throughout my ac...\n",
      "dtype: object\n"
     ]
    }
   ],
   "source": [
    "# combining all the 5 selected features\n",
    "\n",
    "combined_features = data['skilles'] + ' ' + data['bio']\n",
    "print(combined_features)"
   ]
  },
  {
   "cell_type": "code",
   "execution_count": 18,
   "id": "ec3e7b12",
   "metadata": {},
   "outputs": [],
   "source": [
    "# converting the text data to feature vectors\n",
    "\n",
    "vectorizer = TfidfVectorizer()"
   ]
  },
  {
   "cell_type": "code",
   "execution_count": 19,
   "id": "c6b8b73d",
   "metadata": {},
   "outputs": [
    {
     "name": "stdout",
     "output_type": "stream",
     "text": [
      "  (0, 258)\t0.0931393681749362\n",
      "  (0, 270)\t0.10246913511516591\n",
      "  (0, 398)\t0.1723980878188594\n",
      "  (0, 157)\t0.08537253568984768\n",
      "  (0, 218)\t0.0588462382342575\n",
      "  (0, 53)\t0.1723980878188594\n",
      "  (0, 3)\t0.0931393681749362\n",
      "  (0, 26)\t0.09613820786399108\n",
      "  (0, 415)\t0.10246913511516591\n",
      "  (0, 400)\t0.10246913511516591\n",
      "  (0, 199)\t0.07024269749303018\n",
      "  (0, 221)\t0.1723980878188594\n",
      "  (0, 31)\t0.12979705452802306\n",
      "  (0, 309)\t0.1723980878188594\n",
      "  (0, 412)\t0.1723980878188594\n",
      "  (0, 321)\t0.15354683027808053\n",
      "  (0, 140)\t0.1723980878188594\n",
      "  (0, 138)\t0.4606404908342416\n",
      "  (0, 183)\t0.34246043148633004\n",
      "  (0, 213)\t0.15354683027808053\n",
      "  (0, 242)\t0.15354683027808053\n",
      "  (0, 55)\t0.1723980878188594\n",
      "  (0, 142)\t0.1723980878188594\n",
      "  (0, 421)\t0.06091293055280047\n",
      "  (0, 101)\t0.1723980878188594\n",
      "  :\t:\n",
      "  (28, 188)\t0.092328641677617\n",
      "  (28, 67)\t0.09672131884819803\n",
      "  (28, 430)\t0.10700560942064981\n",
      "  (28, 429)\t0.09672131884819803\n",
      "  (28, 16)\t0.06963127380381406\n",
      "  (28, 165)\t0.0846294151578607\n",
      "  (28, 319)\t0.15221029035597147\n",
      "  (28, 245)\t0.1202643659841017\n",
      "  (28, 114)\t0.08831844161223193\n",
      "  (28, 210)\t0.10157719817568382\n",
      "  (28, 305)\t0.08121391013934076\n",
      "  (28, 466)\t0.10157719817568382\n",
      "  (28, 433)\t0.11274503448072434\n",
      "  (28, 293)\t0.12505348466184582\n",
      "  (28, 40)\t0.07803415103978015\n",
      "  (28, 338)\t0.20315439635136764\n",
      "  (28, 156)\t0.10700560942064981\n",
      "  (28, 218)\t0.11666802879318902\n",
      "  (28, 3)\t0.092328641677617\n",
      "  (28, 26)\t0.23825344532966528\n",
      "  (28, 400)\t0.10157719817568382\n",
      "  (28, 199)\t0.20889382141144222\n",
      "  (28, 421)\t0.06038271730574722\n",
      "  (28, 117)\t0.0846294151578607\n",
      "  (28, 18)\t0.06477539447632824\n"
     ]
    }
   ],
   "source": [
    "feature_vectors = vectorizer.fit_transform(combined_features)\n",
    "print(feature_vectors)"
   ]
  },
  {
   "cell_type": "code",
   "execution_count": 20,
   "id": "4cf4a56c",
   "metadata": {},
   "outputs": [
    {
     "name": "stdout",
     "output_type": "stream",
     "text": [
      "[[1.         0.02875327 0.14136475 0.11569738 0.11128606 0.05950039\n",
      "  0.07043498 0.06398901 0.08184148 0.10595838 0.13122045 0.06510021\n",
      "  0.06599841 0.09004248 0.08275004 0.07535933 0.10503589 0.17029085\n",
      "  0.07022101 0.10430444 0.03644569 0.11922194 0.15933582 0.10737127\n",
      "  0.12998144 0.14104273 0.13919492 0.05020999 0.07858777]\n",
      " [0.02875327 1.         0.10621657 0.05504743 0.21913181 0.09059127\n",
      "  0.12143662 0.15172288 0.06461593 0.07010011 0.07251773 0.11432722\n",
      "  0.05125657 0.0909137  0.14950696 0.12456493 0.08252068 0.14623907\n",
      "  0.16532209 0.13103139 0.05044917 0.14508157 0.08870127 0.13078343\n",
      "  0.10075277 0.06554539 0.14645195 0.13363597 0.14158655]\n",
      " [0.14136475 0.10621657 1.         0.08367934 0.16425493 0.04908363\n",
      "  0.05519883 0.04904196 0.1587446  0.29441517 0.12742661 0.04887534\n",
      "  0.05735698 0.0534042  0.06012498 0.07016944 0.15675974 0.23319972\n",
      "  0.0458215  0.09790958 0.02984514 0.16295352 0.08441111 0.08344343\n",
      "  0.18611767 0.07232724 0.04012169 0.09987766 0.0600141 ]\n",
      " [0.11569738 0.05504743 0.08367934 1.         0.07802453 0.09558018\n",
      "  0.10354516 0.02326552 0.05294933 0.07235427 0.13016624 0.13047054\n",
      "  0.09164302 0.17595797 0.05538417 0.10578474 0.05177999 0.20685677\n",
      "  0.09915112 0.25854258 0.03321756 0.24107604 0.20782962 0.14691817\n",
      "  0.28464895 0.17181416 0.04787049 0.0561098  0.12096941]\n",
      " [0.11128606 0.21913181 0.16425493 0.07802453 1.         0.14132993\n",
      "  0.09997923 0.07424123 0.09516896 0.14506438 0.08518843 0.16796694\n",
      "  0.09316061 0.10994718 0.09781986 0.10494381 0.11461634 0.21082284\n",
      "  0.05255832 0.13346716 0.08913618 0.12108713 0.07362312 0.0952079\n",
      "  0.21205238 0.14416837 0.11758201 0.09379806 0.11878694]\n",
      " [0.05950039 0.09059127 0.04908363 0.09558018 0.14132993 1.\n",
      "  0.04836334 0.06514637 0.01586515 0.1404663  0.11126262 0.04296996\n",
      "  0.04871247 0.12282261 0.16959766 0.21572678 0.17099202 0.13945134\n",
      "  0.03814237 0.16386193 0.04102875 0.12986522 0.04712537 0.05410248\n",
      "  0.13365027 0.06122785 0.11611475 0.23770501 0.09545112]\n",
      " [0.07043498 0.12143662 0.05519883 0.10354516 0.09997923 0.04836334\n",
      "  1.         0.06515303 0.3672714  0.11605918 0.29600177 0.23712151\n",
      "  0.1464982  0.3976702  0.15047221 0.14405938 0.33916727 0.19595708\n",
      "  0.18986336 0.18060893 0.11956625 0.2875794  0.11651081 0.28766873\n",
      "  0.26686648 0.1497333  0.24530717 0.07927326 0.24761749]\n",
      " [0.06398901 0.15172288 0.04904196 0.02326552 0.07424123 0.06514637\n",
      "  0.06515303 1.         0.07114755 0.06691815 0.02194282 0.17798809\n",
      "  0.06236359 0.08574829 0.31181847 0.12792187 0.16737214 0.16287859\n",
      "  0.06777476 0.13829756 0.08545049 0.18033989 0.11328054 0.14266602\n",
      "  0.06630007 0.08506383 0.2014955  0.15783556 0.20915944]\n",
      " [0.08184148 0.06461593 0.1587446  0.05294933 0.09516896 0.01586515\n",
      "  0.3672714  0.07114755 1.         0.15039699 0.10239574 0.11013893\n",
      "  0.11231799 0.28024746 0.11212216 0.11630967 0.25822566 0.11394723\n",
      "  0.08909663 0.09402136 0.12930314 0.22844453 0.11648067 0.28163842\n",
      "  0.18126202 0.14143925 0.27995649 0.06902874 0.21253121]\n",
      " [0.10595838 0.07010011 0.29441517 0.07235427 0.14506438 0.1404663\n",
      "  0.11605918 0.06691815 0.15039699 1.         0.16029683 0.08531877\n",
      "  0.11661197 0.09259859 0.10481477 0.12190842 0.21937872 0.29356309\n",
      "  0.08138914 0.11339567 0.08132091 0.18579807 0.05980218 0.12911103\n",
      "  0.12454972 0.13223723 0.08985867 0.11977815 0.08051451]\n",
      " [0.13122045 0.07251773 0.12742661 0.13016624 0.08518843 0.11126262\n",
      "  0.29600177 0.02194282 0.10239574 0.16029683 1.         0.23971308\n",
      "  0.108484   0.13175822 0.08068178 0.10219467 0.13515252 0.1518363\n",
      "  0.13272756 0.12530555 0.04930307 0.15262236 0.0825793  0.13330295\n",
      "  0.24955477 0.10650314 0.23129912 0.08176046 0.17157911]\n",
      " [0.06510021 0.11432722 0.04887534 0.13047054 0.16796694 0.04296996\n",
      "  0.23712151 0.17798809 0.11013893 0.08531877 0.23971308 1.\n",
      "  0.14456021 0.20224282 0.16156665 0.12700832 0.14823158 0.25556565\n",
      "  0.22824742 0.16954217 0.1116896  0.16831566 0.11805123 0.17190926\n",
      "  0.21422059 0.13936382 0.1714503  0.18409876 0.18300242]\n",
      " [0.06599841 0.05125657 0.05735698 0.09164302 0.09316061 0.04871247\n",
      "  0.1464982  0.06236359 0.11231799 0.11661197 0.108484   0.14456021\n",
      "  1.         0.15207731 0.13219068 0.11745683 0.19635874 0.1873788\n",
      "  0.18863838 0.2186695  0.12538618 0.17605931 0.21267972 0.23587495\n",
      "  0.12764925 0.18053464 0.09492739 0.08448634 0.15785405]\n",
      " [0.09004248 0.0909137  0.0534042  0.17595797 0.10994718 0.12282261\n",
      "  0.3976702  0.08574829 0.28024746 0.09259859 0.13175822 0.20224282\n",
      "  0.15207731 1.         0.14987725 0.1655257  0.48132393 0.35173312\n",
      "  0.08794948 0.22370724 0.10824264 0.27289531 0.1507835  0.29371064\n",
      "  0.25340309 0.17968913 0.24768819 0.08990373 0.25655382]\n",
      " [0.08275004 0.14950696 0.06012498 0.05538417 0.09781986 0.16959766\n",
      "  0.15047221 0.31181847 0.11212216 0.10481477 0.08068178 0.16156665\n",
      "  0.13219068 0.14987725 1.         0.61873245 0.20736155 0.24395755\n",
      "  0.15066992 0.51720476 0.15614926 0.22589568 0.12108973 0.25206366\n",
      "  0.16031949 0.145608   0.17035663 0.22525692 0.27190713]\n",
      " [0.07535933 0.12456493 0.07016944 0.10578474 0.10494381 0.21572678\n",
      "  0.14405938 0.12792187 0.11630967 0.12190842 0.10219467 0.12700832\n",
      "  0.11745683 0.1655257  0.61873245 1.         0.17828185 0.22143961\n",
      "  0.13020464 0.55233311 0.11365201 0.21966266 0.0927615  0.19058955\n",
      "  0.16022084 0.16946819 0.15366089 0.12621215 0.20318865]\n",
      " [0.10503589 0.08252068 0.15675974 0.05177999 0.11461634 0.17099202\n",
      "  0.33916727 0.16737214 0.25822566 0.21937872 0.13515252 0.14823158\n",
      "  0.19635874 0.48132393 0.20736155 0.17828185 1.         0.29244709\n",
      "  0.06178891 0.1671156  0.15930509 0.33085814 0.10856728 0.31642271\n",
      "  0.16285169 0.17964799 0.3173291  0.17071375 0.39014856]\n",
      " [0.17029085 0.14623907 0.23319972 0.20685677 0.21082284 0.13945134\n",
      "  0.19595708 0.16287859 0.11394723 0.29356309 0.1518363  0.25556565\n",
      "  0.1873788  0.35173312 0.24395755 0.22143961 0.29244709 1.\n",
      "  0.20496466 0.36989883 0.15654157 0.40884861 0.24143139 0.19976592\n",
      "  0.32328238 0.24215258 0.16803812 0.18929896 0.21955884]\n",
      " [0.07022101 0.16532209 0.0458215  0.09915112 0.05255832 0.03814237\n",
      "  0.18986336 0.06777476 0.08909663 0.08138914 0.13272756 0.22824742\n",
      "  0.18863838 0.08794948 0.15066992 0.13020464 0.06178891 0.20496466\n",
      "  1.         0.16293486 0.05469855 0.16331776 0.17084993 0.17145186\n",
      "  0.11704981 0.11450252 0.03485664 0.13459761 0.11716487]\n",
      " [0.10430444 0.13103139 0.09790958 0.25854258 0.13346716 0.16386193\n",
      "  0.18060893 0.13829756 0.09402136 0.11339567 0.12530555 0.16954217\n",
      "  0.2186695  0.22370724 0.51720476 0.55233311 0.1671156  0.36989883\n",
      "  0.16293486 1.         0.15099038 0.45771997 0.22219804 0.1794747\n",
      "  0.24893272 0.20437845 0.15928573 0.12308542 0.220423  ]\n",
      " [0.03644569 0.05044917 0.02984514 0.03321756 0.08913618 0.04102875\n",
      "  0.11956625 0.08545049 0.12930314 0.08132091 0.04930307 0.1116896\n",
      "  0.12538618 0.10824264 0.15614926 0.11365201 0.15930509 0.15654157\n",
      "  0.05469855 0.15099038 1.         0.17737825 0.09416003 0.15340751\n",
      "  0.13924038 0.18894994 0.1398608  0.05519136 0.14531605]\n",
      " [0.11922194 0.14508157 0.16295352 0.24107604 0.12108713 0.12986522\n",
      "  0.2875794  0.18033989 0.22844453 0.18579807 0.15262236 0.16831566\n",
      "  0.17605931 0.27289531 0.22589568 0.21966266 0.33085814 0.40884861\n",
      "  0.16331776 0.45771997 0.17737825 1.         0.19225519 0.30654278\n",
      "  0.26867962 0.23025338 0.23749729 0.1690358  0.33483474]\n",
      " [0.15933582 0.08870127 0.08441111 0.20782962 0.07362312 0.04712537\n",
      "  0.11651081 0.11328054 0.11648067 0.05980218 0.0825793  0.11805123\n",
      "  0.21267972 0.1507835  0.12108973 0.0927615  0.10856728 0.24143139\n",
      "  0.17084993 0.22219804 0.09416003 0.19225519 1.         0.18019179\n",
      "  0.21764888 0.15179528 0.06791015 0.1233239  0.1252274 ]\n",
      " [0.10737127 0.13078343 0.08344343 0.14691817 0.0952079  0.05410248\n",
      "  0.28766873 0.14266602 0.28163842 0.12911103 0.13330295 0.17190926\n",
      "  0.23587495 0.29371064 0.25206366 0.19058955 0.31642271 0.19976592\n",
      "  0.17145186 0.1794747  0.15340751 0.30654278 0.18019179 1.\n",
      "  0.25228931 0.18263605 0.22392517 0.1614118  0.34895399]\n",
      " [0.12998144 0.10075277 0.18611767 0.28464895 0.21205238 0.13365027\n",
      "  0.26686648 0.06630007 0.18126202 0.12454972 0.24955477 0.21422059\n",
      "  0.12764925 0.25340309 0.16031949 0.16022084 0.16285169 0.32328238\n",
      "  0.11704981 0.24893272 0.13924038 0.26867962 0.21764888 0.25228931\n",
      "  1.         0.26879208 0.16256061 0.12581107 0.21635791]\n",
      " [0.14104273 0.06554539 0.07232724 0.17181416 0.14416837 0.06122785\n",
      "  0.1497333  0.08506383 0.14143925 0.13223723 0.10650314 0.13936382\n",
      "  0.18053464 0.17968913 0.145608   0.16946819 0.17964799 0.24215258\n",
      "  0.11450252 0.20437845 0.18894994 0.23025338 0.15179528 0.18263605\n",
      "  0.26879208 1.         0.19865959 0.11010937 0.2209531 ]\n",
      " [0.13919492 0.14645195 0.04012169 0.04787049 0.11758201 0.11611475\n",
      "  0.24530717 0.2014955  0.27995649 0.08985867 0.23129912 0.1714503\n",
      "  0.09492739 0.24768819 0.17035663 0.15366089 0.3173291  0.16803812\n",
      "  0.03485664 0.15928573 0.1398608  0.23749729 0.06791015 0.22392517\n",
      "  0.16256061 0.19865959 1.         0.08611682 0.42064471]\n",
      " [0.05020999 0.13363597 0.09987766 0.0561098  0.09379806 0.23770501\n",
      "  0.07927326 0.15783556 0.06902874 0.11977815 0.08176046 0.18409876\n",
      "  0.08448634 0.08990373 0.22525692 0.12621215 0.17071375 0.18929896\n",
      "  0.13459761 0.12308542 0.05519136 0.1690358  0.1233239  0.1614118\n",
      "  0.12581107 0.11010937 0.08611682 1.         0.18341562]\n",
      " [0.07858777 0.14158655 0.0600141  0.12096941 0.11878694 0.09545112\n",
      "  0.24761749 0.20915944 0.21253121 0.08051451 0.17157911 0.18300242\n",
      "  0.15785405 0.25655382 0.27190713 0.20318865 0.39014856 0.21955884\n",
      "  0.11716487 0.220423   0.14531605 0.33483474 0.1252274  0.34895399\n",
      "  0.21635791 0.2209531  0.42064471 0.18341562 1.        ]]\n"
     ]
    }
   ],
   "source": [
    "# getting the similarity scores using cosine similarity\n",
    "\n",
    "similarity = cosine_similarity((feature_vectors))\n",
    "print(similarity)"
   ]
  },
  {
   "cell_type": "code",
   "execution_count": 21,
   "id": "337e3656",
   "metadata": {},
   "outputs": [],
   "source": [
    "# getting the name from the user\n",
    "\n",
    "name = input(' Enter your name : ')"
   ]
  },
  {
   "cell_type": "code",
   "execution_count": 22,
   "id": "18003500",
   "metadata": {},
   "outputs": [
    {
     "name": "stdout",
     "output_type": "stream",
     "text": [
      "['Jory Carlick', 'Kendrick Trickey', 'Amye Gott', 'Tiffanie Tomasi', 'Morley Buterton', 'Davis Common', 'Ash Kennaird', 'Fonsie Lutton', 'Rosalinde Pesic', 'Felipe Bullick', 'Lottie Dimsdale', 'Selig Tort', 'Cole Finan', 'Hamilton Petow', 'Dallas Emblen', 'Carmelle Shaughnessy', 'Rosamund Laughton', 'Hernando Teacy', 'Woody Emson', 'Rowland Whitney', 'Osborne Neilly', 'Therine Spreag', 'Verge Radage', 'Monika Melrose', 'Brett Tessington', 'Willette Kennaird', 'Tiebold London', 'Oriana Page', 'Neil Borges']\n"
     ]
    }
   ],
   "source": [
    "# creating a list with all the  names given in the dataset\n",
    "\n",
    "list_of_all_names = data['name'].tolist()\n",
    "print(list_of_all_names)"
   ]
  },
  {
   "cell_type": "code",
   "execution_count": 23,
   "id": "af51e36e",
   "metadata": {},
   "outputs": [
    {
     "name": "stdout",
     "output_type": "stream",
     "text": [
      "['Jory Carlick']\n"
     ]
    }
   ],
   "source": [
    "# finding the close match for the  name given by the user\n",
    "\n",
    "find_close_match = difflib.get_close_matches(name, list_of_all_names)\n",
    "print(find_close_match)"
   ]
  },
  {
   "cell_type": "code",
   "execution_count": 24,
   "id": "fda5faa6",
   "metadata": {},
   "outputs": [
    {
     "name": "stdout",
     "output_type": "stream",
     "text": [
      "Jory Carlick\n"
     ]
    }
   ],
   "source": [
    "close_match = find_close_match[0]\n",
    "print(close_match)"
   ]
  },
  {
   "cell_type": "code",
   "execution_count": 25,
   "id": "7e70e893",
   "metadata": {},
   "outputs": [
    {
     "name": "stdout",
     "output_type": "stream",
     "text": [
      "0\n"
     ]
    }
   ],
   "source": [
    "# finding the index \n",
    "\n",
    "index_of_the_name = data[data.name == close_match]['id'].values[0]\n",
    "print(index_of_the_name)"
   ]
  },
  {
   "cell_type": "code",
   "execution_count": 26,
   "id": "fe86b68f",
   "metadata": {},
   "outputs": [
    {
     "name": "stdout",
     "output_type": "stream",
     "text": [
      "We suggest you the best roommates for you : \n",
      "\n",
      "1 . Tiebold London Male\n",
      "2 . Morley Buterton Male\n",
      "3 . Dallas Emblen Male\n"
     ]
    }
   ],
   "source": [
    "# getting a list of similar persons\n",
    "ids = list(data[\"id\"])\n",
    "if (data[data.id==index_of_the_name]['roommate'].values[0]==False):\n",
    "  similarity_score = list(similarity[index_of_the_name])\n",
    "  #print(similarity_score)\n",
    "  similarity_score_resultat=[]\n",
    "  for i in range(len(ids)):\n",
    "        similarity_score_resultat.append((ids[i], similarity_score[i]))\n",
    "        \n",
    "  #print(similarity_score_resultat)\n",
    "  # sorting the persons based on their similarity score\n",
    "\n",
    "  sorted_similar_names = sorted(similarity_score_resultat, key = lambda x:x[1], reverse = True) \n",
    "  for item in sorted_similar_names:\n",
    "    if item[1] == 1:\n",
    "        sorted_similar_names.remove(item)\n",
    "\n",
    "  #print(sorted_similar_names)\n",
    "  # print the name of similar persons based on the index\n",
    "  print('We suggest you the best roommates for you : \\n')\n",
    "\n",
    "\n",
    "  i = 1\n",
    "\n",
    "  for person in sorted_similar_names:\n",
    "    index = person[0]\n",
    "    name_from_index = data[data.id==index]['name'].values[0]\n",
    "    gender_from_index = data[data.id==index]['gender'].values[0]\n",
    "    if(data[data.id==index]['roommate'].values[0]==False):\n",
    "      if (gender_from_index == data[data.id==index_of_the_name]['gender'].values[0]):\n",
